frames:score
[[1,4], [3,6], [7,1]]:22
[[5,3], [10], [4,6]]:38
[]:0
[[10]]:10
[[5,5]]:10
[[5,5], [4,3], [1,1]]:23
[[0,0], [0, 0], [0,0], [0, 0],[0,0], [0, 0],[0,0], [0, 0], [0,0], [10], [10], [10]]:30
[[0,0], [0, 0], [0,0], [0, 0],[0,0], [0, 0],[0,0], [0, 0], [0,0], [10], [10],[4]]:24
[[0,0], [0, 0], [0,0], [0, 0],[0,0], [0, 0],[0,0], [0, 0], [0,0], [10], [5]]:15
[[0,0], [0, 0], [0,0], [0, 0],[0,0], [0, 0],[0,0], [0, 0], [0,0], [5,5], [1, 2]]:11
[[10], [10], [10], [10], [10], [10], [10], [10], [10], [10], [10],[10]]:300